0
0
0
0
0
0
0
0
0
0
0
0
0
0
0
0
0
0
0
0
0
0
0
0
0
0
0
0
0
0
0
0
0
0
0
0
0
0
0
0
0
0
0
0
0
0
0
0
0
0
0
0
0
0
0
0
0
0
0
0
0
0
0
0
0
0
0
0
0
0
0
0
0
0
0
0
0
0
0
0
0
0
0
0
0
0
0
0
0
0
0
0
0
0
0
0
0
0
0
0
5
1
5
3
2
1
1
1
5
5
6
5
6
5
22
2472
22
442
135
44
64
119
6
1
16
32
12
9
1
2
1
2
1
1
7
292
34
31
1
6
9
53
1
1
2
19
74
11
12
73
11
57
145
6
5
4
5
1
1
31
14
14
26
6
1
1
8
1
12
4
1
4
3
9
3
12
2
5
9
1
3
2
3
3
3
1
1
10
1
2
4
16
3
7
48
1
60
1
17
5
6
1
18
5
4
2
4
2
180
2
2
16
17
10
10
10
5
5
1
25
2
1
10
3
17
1
5
4
4
4
9
3
8
2
2
9
14
6
277
1
0
2
3
1
1
1
1
4
1
5
4
4
4
4
4
34
1
1
3
5
2
2
1
5
1
2
3
3
3
22
16
3
1
1
1
2
2
2
8
2
1
1
1
1
85
5
4
2
1
2
104
445
1
0
0
5
34
340
0
48
35
50
30
3
17
5
2
22
41
5
7
16
6
12
9
4
89
45
5
16
14
109
4
1
3
2
1
58
1
8
1
1
1
2
3
2
1
2
5
6
6
742
11
25
2
24
2
2
3
1
11
3
3
16
2
1
4
10
3
2
2
1
2
1
6
1
1
2
11
4
1
2
8
11
6
5
2
1
20
2
4
4
1
28
14
2
16
4
4
4
4
4
1
0
19
6
1
1
1
5
4
870
1
1
11
1
1
2
12
2
13
22
4
62
3
962
2
1
1
1
12
1
1
1
1
22
38
25
2
2
33
16
33
11
2
2
9
9
3
8
10
3
6
1
7
1
1
1
1
1
1
2
5
2
2
0
12
1
1
1
1
1
1
1
1
1
5
0
24
2
2
2
2
2
1
0
13
1
1
1
1
1
1
1
0
8
1
1
1
1
1
1
0
10
8
291
8
16
8
2
1
1
20
1
1
2
2
1
1
1
8
12
37
35
8
4
35
9
6
11
2
1
1
9
3
12
10
12
14
11
11
11
12
12
12
12
6
6
9
1
1
1
1
1
1
1
1
2
2
3
2
4
3
3
3
3
3
3
5
5
4
4
3
3
3
3
3
3
3
8
6
9
3
3
3
10
3
3
3
3
3
3
3
3
3
3
3
3
3
11
3
3
3
3
35
6
6
2
3
6
2
6
2
3
2
1
1
3
14
6
6
2
6
2
6
2
6
2
6
2
6
2
6
2
6
2
6
2
3
3
1
1
1
1
7
5
4
4
1
1
1
1
1
39
23
6
3
1
4
1
1
4
4
18
12
13
7
5
4
1
3
2
3
3
3
4
4
6
4
4
4
3
3
1
3
4
3
14
3
3
3
3
3
3
1
2
3
3
2
2
4
1
3
2
2
3
3
2
2
1
3
3
25
62
5
3
3
3
2
2
2
2
2
2
2
3
3
2
2
2
2
2
2
3
3
2
2
2
2
3
3
2
2
2
2
3
3
2
2
2
2
3
3
2
2
20
2
4
3
3
1
2
2
1
7
7
7
7
7
7
7
7
7
36
36
36
36
36
36
36
36
36
2
37
31
7
11
11
11
37
29
7
11
11
11
37
25
7
11
11
11
37
25
7
11
11
11
37
25
7
11
11
11
37
25
7
11
11
11
37
25
7
11
11
11
37
25
7
11
11
11
37
25
7
11
11
11
22
23
23
20
17
15
14
17
2
2
10
6
6
6
6
3
3
3
3
3
3
3
3
3
3
3
3
5
8
10
8
9
4
4
5
17
15
12
10
8
8
8
8
6
6
6
5
3
3
2
2
0
0
2
0
10
2
1
2
15
3
33
14
21
21
3
3
10
7
18
18
26
26
18
8
6
6
6
6
5
22
9
4
4
12
11
11
25
174
49
5
29
2
9
18
0
35
32
2
2
1
8
9
10
9
27
17
5
3
8
2
1
1
1
1
2
4
1
3
1
3
6
2
11
2
2
2
3
3
4
1
3
8
14
2
2
2
19
13
3
3
4
3
1
5
5
4
1
2
6
1
4
2
2
14
1
2
2
2
1
1
4
4
7
34
1
2
28
2
4
1
2
1
1
1
35
29
160
49
3
1
1
2
2
22
9
11
11
8
2
2
2
2
1
16
5
1
6
20
11
1
2
10
10
9
9
8
4
8
10
6
7
3
1
2
1
1
2
1
21
27
9
12
2
2
3
2
3
0
12
5
5
2
2
1
1
2
5
17
16
4
9
11
4
1
2
2
13
18
15
6
7
2
13
13
28
28
27
28
28
27
14
7
14
12
14
7
11
10
14
11
14
11
15
2
12
2
14
12
7
5
8
13
6
5
3
3
1
1
1
1
1
1
1
1
1
1
1
1
1
2
1
1
1
1
4
1
1
1
2
1
0
4
0
18
1
0
25
1
0
6
6
6
6
6
6
8
2
3
9
0
3
6
10
5
7
1
3
48
1
1
1
1
1
1
1
1
1
1
3
6
8
20
6
1
15
5
4
2
10
1
1
1
8
2
2
3
1
3
6
1
5
1
1
3
4
4
1
1
0
0
35
61
3
2
2
2
3
2
70
56
42
26
30
33
18
28
31
22
23
33
25
28
30
9
0
0
0
3
7
3
2
8
8
6
2
11
4
3
17
7
7
7
7
3
3
2
4
2
85
124
10
2
19
3
3
1
2
2
0
2
2
2
2
3
3
1
12
7
4
3
3
3
3
1
52
1
2
2
2
2
1
6
6
7
7
2
22
2
45
14
3
3
3
3
1
4
0
16
8
0
4
3
6
67
7
2
3
11
6
13
2
63
48
146
27
8
14
3
3
8
14
1
44
10
1
1
3
6
4
4
2
3
6
8
9
2
11
2
1
4
1
316
41
33
2
16
9
43
40
3
37
1100
1345
4
201
393
171
117
117
39
39
39
158
156
78
1
1
1
1
2
2
2
4
84
2
3
3
1
14
2
3
8
2
6
4
15
6
12
1
6
3
2
1
7
8
6
26
3
4
6
6
7
7
7
7
7
7
7
7
74
9
9
9
9
9
9
9
9
9
9
9
9
9
9
9
9
9
9
9
9
6
42
1
4
2
1
2
5
6
2
3
3
7
3
3
3
3
3
3
3
3
3
3
4
4
4
4
4
4
4
10
6
1
0
2
1
1
1
1
1
1
1
8
3
47
3
3
3
2
10
11
14
4
12
3
1
1
1
5
236
236
236
236
80
80
80
80
41
119
22
4
1
5
38
38
1
2
1
47
4
4
2
12
7
2
2
2
4
0
2
5
40
1
6
3
2
